174, . Ι 4611166111.

§.gw- 11111 flumsh 1118111ῦῖ11 ¹0¹¹th 71 ⁴28· ¹20
356. 18, 96. 61611111 1. 6111. (1611616161 nffide 1111111
11. 611. assa monere 1811. caut, 6. 1616. 66661. dm
1, 576 6. 61661161616115,51411. 6666161111 11661118, 646.
,5,444 a 66611 4, 489. 7, 58. 6, 69. 17, 161 dign· 1116
11116111. 41111 9, 665. 18, 665. 6111166116, nium, 11161-
16116568. 9, 67. 55. (6166116611 16116, 671. dubi: ι,
, 56611. 6611 111866. 6611 11111111, 11661616.111611, omia

, 8686.. 7, 8. 57816. 116., 18, 685. 61661111οοί 15, 685.

· , 61141161651. exiguum 11111111 4641. extremum 116814

’ 4, 88. extrema 9166111, adore cet. 1, 6861. mg. 320²
⁴ ⁶ 18, 9711. extrem· 9111611,.161111, 1111, belli 1, 559. 8, 7651
’ 8651618866. 18, 118. 161616661117,7611 fortuinbeffi
· *11111116111111111818111861
nou 1116611113 vulgi 8, 649. 11466111 19641111 17ἶ 535. ab?
, ’ “ 19111 11611 4, 7511116, 86811. 66116116616 4196. iudi-
616116111616111111614,696. 169611161166611111131340· 5⁸·

' 111611 4, 66111. 11111118,545. 4, 8. inuia (1616111, dumosa, 16·

11161611 8, 686. 4864. 16, 876. heu 6. 566. 18886. 171141

’ · languentia 1114614, 496. 16111611 1166111111 16, 866 16611614,

581. mu. 1114614675. 4468. mgna 1116111, proni»
1611, loqui 8, 16911.’61611611 6111166761 6116161111 11111411
16115. mite et‚cngn¹tum ,1161111111 Deus 4, 79511. nimiu
ι 161111. regui 14, 676 V.L. nouvelle 14,108. 661111 166111-

’ 11116 8, 65811. 6616111661 1111116 1. 11611118, 568. 15, 591. 66-

septa 1111661 16, 116. 9111118. 581 Ιᾷι. 4749. 9617. pm
ruptum 18, 886. 9116178681. 9611666111 81168. 4116·
1116611111 6661166661 661. 8, 46. ,7.616. 811. 16, 596. 18, 559

,141 1⁶· 6108631684. 15. 685. prospetatem 4, 49911, qni

· 16111111 superest 7, 451. 11916161. rapta 1, 566. 4, 896. sun

locorum 4, 766. sementaria 131697. secund· 9, 846856
81, 891. 16661111611116117198. 1116111116 1111611111 16191-
1111111 5, 571. 16, 411. subit· 9, 98. subin 66111 4499 supera
condere 61114166 6, 61111. 16916161 8, 66. suprema pm! 7,
7681161111ρί 16, 666. 11111 91111148 mm.. 1161116, 5861.
Ι1611116 4, 648. 1111111. 558. 116161 166116, quater· 4495.
1 · 15, 5. 11111111 6, 616. 1111111616111.161667,1661. 661.

. . 6.,,044474448564414 4141166691111111 4611116661-

, ’ 11661 moyn. aeterno 116 9661616 6111111 1611117, 554

· s barbaricum 46111616 16, 418. 1616161111111111111 16, 119. 161·
, 861111114111161814561. dignum 111611 1111611111 611 4.

696. dirum 16166111, 1. 161111 11111 6, 616. 671· dir· ίόιῗ

 

